-79.18	3.127	1.39	2.798	-1.1	-0.4735	0.1819	-2.389	2.882	-0.5136	1.994	2.625	2.341	-0.0733412307857912	
-82.45	2.897	3.098	5.083	-0.4737	0.329	-0.3535	-1.39	1.509	-1.246	2.903	1.037	2.014	-0.0746622109363617	
-81.09	1.076	2.919	4.385	-1.035	1.76	2.007	-0.5939	0.4503	-2.565	2.446	1.69	1.509	-0.0740781394998015	
-75.42	-2.618	1.037	3.541	1.499	-0.5584	1.409	0.7109	-0.03575	-0.6704	2.999	2.649	0.8776	-0.0781553382	
-75.11	-1.402	-2.737	3.788	1.457	0.9517	2.856	1.383	0.3269	-2.386	2.766	2.869	0.4057	-0.0815891	
-73.12	5.795	1.24	3.982	1.01	0.669	0.7204	-1.726	-1.148	-1.072	0.1478	-0.6842	-1.218	-0.0808745433165961	
-77.44	4.662	-0.7939	3.724	-0.3697	-0.2013	1.456	-1.629	-0.2846	-1.184	0.2035	-0.4018	-0.1345	-0.0836116492857143	
-80.43	3.459	0.1289	1.701	0.485	-1.031	1.921	-2.211	0.3226	-3.366	1.553	-0.6671	0.871	-0.0821459006137455	
-76.76	1.704	0.2207	3.027	-0.1027	-0.1948	0.2607	-2.869	-0.1677	-2.566	0.2844	0.6302	-0.4335	-0.08163311348	
-79.8	3.672	2.07	1.884	2.654	-1.582	1.019	-3.107	1.753	-0.9916	1.586	1.208	0.7889	-0.0838749667142857	
-74.37	-1.576	1.412	2.153	-0.3726	0.2104	-0.5115	0.4116	1.8	1.314	0.1959	1.946	1.44	-0.0851062096877502	
-69.59	-0.8379	-2.634	2.038	-0.04596	-1.394	2.787	1.503	0.08885	-0.4291	2.344	2.069	-1.58	-0.087188262749004	
-80.54	-0.1833	-0.4655	2.966	0.6616	-1.992	1.898	0.08049	0.0457	0.6853	4.111	1.495	-0.9167	-0.0880780449563145	
-72.0	-1.168	-4.196	0.342	2.801	-0.1162	-0.01846	1.174	2.092	-0.4224	-0.476	3.539	-0.7705	-0.0887424777460318	
-68.73	-1.457	-2.481	2.793	0.7887	-0.5173	1.927	0.4563	2.062	-0.2373	-0.2652	0.6795	-0.4903	-0.0898063297061159	
-74.63	0.3796	0.06684	2.129	-0.7124	-0.304	1.59	-0.5333	2.969	-1.16	-0.7082	-0.2424	-1.108	-0.0910196520607132	
-75.87	-0.511	2.109	1.367	1.768	-1.207	1.977	-0.3668	3.499	0.7951	2.922	-1.563	-0.1718	-0.0923652832395498	
-80.86	-0.6886	-2.457	-0.3647	5.508	0.654	2.943	0.8335	0.8019	-0.5373	2.926	-1.101	0.2474	-0.0939251026845475	
-77.98	-0.4687	-4.04	0.2414	5.149	-0.01247	5.449	1.33	-1.368	-1.442	3.285	0.4728	-1.107	-0.09548847024	
-77.5	1.374	-2.847	-1.382	5.184	-0.3991	2.978	-0.4004	-2.083	-0.3419	2.866	-1.064	1.408	-0.0971355409550735	
-82.43	1.098	7.453	-3.525	-0.4896	2.518	0.2313	2.702	1.391	-1.572	1.453	-3.411	-1.077	-0.11803507935743	
-78.22	5.487	5.009	0.3097	0.6414	-0.2098	1.845	-0.9144	-0.4626	-0.4559	-0.3087	-2.274	0.223	-0.194190913432912	
-80.28	-1.223	7.674	-1.676	-2.085	2.111	2.046	-0.1935	1.888	-0.8785	2.303	-2.488	-0.4223	-0.211173863542351	
-92.64	5.331	5.633	-0.2836	0.3452	0.4599	0.2034	0.8834	-0.05833	1.212	2.299	-0.5861	-0.1268	-0.212977583260263	
-101.5	0.8479	3.819	-1.019	1.103	-0.9068	-1.7	0.5446	-0.03573	2.255	2.292	1.907	1.097	-0.214671387990392	
-97.2	3.87	4.809	-1.522	1.413	-0.6815	0.3475	1.016	-0.9567	0.1299	0.2338	1.433	1.382	-0.214925174571429	
-97.51	0.3725	2.741	0.3303	2.335	1.286	-0.3563	-0.09144	0.8855	-0.1691	1.643	1.252	-0.8644	-0.2168031	
-94.01	0.1777	1.068	0.5649	1.326	0.2618	-0.2945	1.154	2.895	2.849	1.502	1.792	-0.7468	-0.224368380289834	
-67.12	2.234	4.726	3.792	-2.416	-0.8582	-2.705	0.5784	1.171	1.442	0.6202	-1.637	-0.5855	-0.2393309916	
-75.0	0.3063	-0.2397	0.2923	-0.272	-0.02844	1.566	-0.1465	2.832	-0.8397	3.222	-0.5918	-0.9815	-0.2415858	
-74.4	-3.638	-0.4411	-1.755	3.396	-0.4238	4.437	0.7956	-0.4288	2.133	0.1652	-1.43	0.9437	-0.243942146475455	
-87.1	3.158	-4.25	-2.543	5.248	1.523	4.095	1.974	1.879	0.428	0.1355	-1.074	-0.378	-0.246844582390438	
-79.14	3.015	5.631	0.1407	2.091	1.059	-0.6084	-1.811	1.03	0.1505	-0.5176	-1.818	1.133	-0.250693741731887	
-75.16	4.31	3.852	1.128	0.5545	-0.5847	3.841	-0.2382	1.069	1.327	0.9412	-1.816	0.6127	-0.2515805	
-76.73	-1.097	2.691	1.065	-0.5411	0.03689	5.115	0.9306	1.528	0.04727	-0.8273	0.02245	-1.914	-0.259748888939895	
-73.52	4.659	0.5478	0.3906	1.776	-0.1026	1.422	-0.7228	0.415	-0.7302	0.9721	-1.547	1.475	-0.286163846178192	
-86.31	2.068	6.795	-2.777	2.025	-0.04852	2.561	1.95	0.7849	0.8228	0.01451	-0.3213	0.5537	-0.298051950451139	
-99.23	3.695	4.401	-0.5534	0.6564	0.03116	-0.5631	1.28	-0.1975	1.949	0.3709	0.6651	0.1084	-0.296910988473128	
-108.2	1.557	0.5725	-2.513	0.8929	-1.935	-1.814	-0.5756	0.7093	4.04	2.311	2.028	0.6991	-0.302182305376196	
-96.64	2.039	0.551	0.6947	0.829	-0.7978	-1.223	-1.72	-0.4664	1.818	0.9244	1.166	-1.967	-0.306543537271165	
-83.33	5.808	2.223	1.228	1.491	1.886	0.2986	-0.2079	0.5757	0.5327	0.9429	0.6031	-1.744	-0.309205493263853	
-67.0	-2.442	-2.403	0.05856	2.553	-0.2023	2.112	2.12	0.5812	0.2663	2.781	1.375	-1.825	-0.311504978142857	
-78.48	1.911	0.3194	2.221	2.282	-2.769	1.51	-1.911	1.631	0.1229	1.995	-1.525	-1.801	-0.311533949045625	
-73.76	-1.946	2.078	1.086	-0.3633	-0.3122	2.937	-0.3854	1.176	0.6965	1.457	-1.434	-0.9892	-0.309935850142857	
-78.09	0.6448	-1.037	2.048	0.3348	-1.912	-0.323	1.796	4.897	0.3968	-0.2487	-1.859	-2.641	-0.311000078428571	
-75.37	0.8712	-3.385	-0.448	1.247	0.7047	2.641	1.0	2.694	0.9304	0.6802	-2.527	-0.09312	-0.3098628	
-72.2	4.604	2.607	2.106	1.639	-0.7483	1.673	-3.397	-2.835	-0.09872	0.1209	-0.5395	0.815	-0.310273675820657	
-77.0	1.464	7.179	-0.2401	-0.9179	0.8513	1.53	-0.1691	3.678	-2.046	1.447	-2.618	-1.362	-0.310058179420635	
-77.08	1.98	2.683	-0.7177	1.158	0.1992	3.757	-0.4578	0.9883	0.3371	-0.433	-0.6094	-1.464	-0.313098633096441	
-81.57	4.729	-0.1956	-1.54	3.109	0.1502	2.764	-1.232	-0.1573	1.121	1.745	-1.578	-0.2837	-0.314328873178571	
-91.41	6.691	1.846	0.4795	1.023	0.1686	-0.04809	0.3214	0.6522	1.874	1.96	-0.2791	-1.023	-0.317376149931483	
-94.91	2.807	0.1279	1.426	-0.3701	-0.5189	-0.1348	-0.7851	0.1989	1.023	0.3957	1.374	-1.288	-0.32484758104447	
-99.01	3.464	-0.1852	0.8841	0.2079	-0.8201	-1.311	-0.416	2.028	2.334	1.368	2.265	0.03859	-0.324681579995797	
-98.83	2.635	-0.1175	-0.7441	0.6707	0.0739	0.1518	-0.7866	1.203	1.223	0.1772	1.327	-0.8584	-0.328113187904827	
-90.62	4.516	1.926	0.1922	0.009096	1.699	-0.2191	-0.01028	1.206	1.15	0.6586	0.8913	-0.126	-0.330134205896414	
-72.11	1.301	-3.553	-0.7018	4.103	-1.328	1.287	0.2711	0.2075	0.9891	1.814	0.3759	0.2469	-0.330135004791522	
-78.65	-0.6499	3.18	0.2731	1.291	0.1667	1.799	-0.106	1.224	-0.2193	2.137	-1.918	-1.416	-0.331164552626941	
-80.39	0.1687	-2.466	-2.465	4.952	1.579	2.125	-0.1763	0.9631	2.561	2.419	-1.709	-1.908	-0.331768857610242	
-71.29	-2.678	-0.0133	-1.766	-1.6	1.659	4.988	-0.3532	0.6109	0.9496	2.68	-0.3111	1.071	-0.33428676268284	
-80.51	0.4311	4.817	-0.3399	-2.401	0.5536	0.9073	0.02711	2.531	0.1497	2.167	-0.5145	0.6377	-0.333846725806328	
-161.1	7.359	4.076	1.652	-0.4047	-0.1283	0.1437	-0.4426	-3.896	-2.532	-0.9742	-0.001704	-1.311	-0.3342094	
